17526
11226
19626
20010
34735
20586
7626
15000
38703
20400
35052
8308
10961
40872
22704
2203
7011
21421
1889
16450
10452
3281
12000
1655
12786
12642
46444
52175
65627
4012
32063
16625
16577
18108
31179
79322
47347
21010
30550
10405
51002
171756
8400
48000
2496
1045
2170
2826
22966
170716
7203
12324
47706
22700
82312
92831
12426
18399
9492
239382
40750
8400
30426
2212
25368
27000
2600
13396
1938
40785
26542
5687
38990
26622
52409
22217
41185
4002
9960
53208
21509
12658
3000
19681
13258
14984
28234
12852
56042
15745
32850
94808
15556
19640
11622
60028
20005
3503
2934
79691
61488
48327
20427
4187
64031
1951
1516
82601
31691
34180
15526
95913
60664
9372
15061
27591
34248
3250
23232
2883
1305
10089
3736
27401
17240
1021
1828
100008
1021
5902
50926
17151
96986
41546
4499
69800
51388
4400
2235
111090
38831
74420
95613
34547
18111
7211
150020
17728
12214
3705
2400
43701
11412
15564
13701
1896
119343
43746
7254
6980
82017
8807
14405
9384
2560
5710
18792
87542
5979
21408
10517
16336
58374
16099
27846
16569
40333
21231
16480
34874
44920
39898
45713
18806
28859
61086
53232
27546
10440
24840
16024
23970
20105
17716
40147
4200
39540
28168
15126
31946
87064
48416
5066
185795
212899
224900
15678
10001
21229
67089
9361
17538
329232
53525
101856
3001
32701
16428
44303
31000
93427
11160
78744
17003
1241
3076
7626
5708
4091
12882
40120
25698
33048
73626
51624
8600
51673
10200
33000
18697
1620
21944
140093
1501
31740
1395
3776
1034
21731
7202
15737
43200
117888
124040
48827
20814
5024
24710
2520
13410
64300
3300
40511
19894
9000
36001
12430
6025
55001
53915
4300
60850
20800
2741
1601
18711
10800
4100
6203
115800
36641
12350
25750
2571
16151
12391
128314
1002
17236
14801
123899
56881
105809
7559
125602
26461
95026
38255
28227
7001
36885
66497
19689
13746
24615
2100
15032
19631
72519
31637
56272
16157
65005
81826
2790
12156
36590
28004
89251
11820
2520
13300
2662
20593
9650
3001
20009
7134
7600
15910
5999
44001
100165
21480
27000
11708
6235
10041
115580
109722
40332
40392
3340
30175
27758
36001
52214
44308
81272
3541
20042
1500
54162
100120
1017
2930
34568
34966
2866
27367
3010
13200
37222
19080
31239
9643
76959
36709
11570
12000
22356
4800
25780
27704
197700
8460
17233
32162
3550
5500
174650
27654
3313
52503
1004
37320
48602
5200
29019
68490
15032
2000
49378
2055
65030
32017
12670
40592
7706
136279
22078
2540
6879
47513
41185
10620
14050
17751
11216
1560
3880
22625
39426
1880
1351
15882
9492
24631
14710
11293
18662
40282
118213
9420
30360
23220
10172
32880
15080
10663
195545
417000
10201
5410
13084
65313
2300
8000
94654
141516
98363
5130
23509
6000
99611
11142
66713
3191
87503
2838
45012
68108
17964
30108
2008
12702
7010
47513
30906
42023
103938
7215
2083
23220
60000
26070
1574
12150
55246
78725
39120
17580
32510
2650
4000
26491
6651
20620
2600
12069
1006
21479
66294
5005
11000
2000
6270
32423
10636
29138
4500
7075
11804
26748
12112
39331
14400
47259
1003
123116
2535
20533
2038
136281
24153
20167
18000
27750
2803
264837
79109
81714
19853
31607
8965
4800
22926
9678
1536
18912
47391
76273
15551
28000
145389
66610
50022
13500
28800
30718
22857
66026
2502
120400
132405
27426
54357
43731
41421
8006
75275
3324
38888
23446
20731
34300
61758
70638
31420
8280
74786
66112
28026
14804
16330
11572
75185
11671
42000
73740
2100
20700
13270
35406
68052
18851
103893
77627
10010
78563
8826
40420
30947
3214
7037
36205
15216
135457
38400
104081
64404
115598
8127
21871
51624
40000
61748
27268
100228
41610
45982
41760
4037
2580
5943
2337
132057
4800
45006
72799
6589
21000
49890
248829
34150
55852
100004
76604
5001
150903
40412
170100
24034
86787
84172
16750
76961
48432
25158
8201
11002
7628
8276
10013
24274
50001
27030
1027
28026
1220
57500
25454
11544
21600
15632
292488
4001
9093
37787
185116
25080
116232
23700
26063
56400
4000
6010
96044
40385
107183
2000
3000
9930
65653
47314
5002
90360
42507
18007
23608
34585
25027
22821
27925
161088
89652
64403
9300
6070
113469
43324
19285
20000
53856
25321
26580
1052
101030
76549
65716
5617
1525
1574
27651
15857
21602
56000
13016
5035
8826
1011
22751
2520
4091
16786
31657
40010
2242
20000
26902
21110
100406
8885
38034
5968
13334
43246
6000
53202
39455
71501
50984
1505
1850
73618
7301
12620
38826
73402
49431
42285
149604
10023
4563
19005
100635
20000
5832
29745
39952
14931
187227
66670
62965
26380
23402
24800
144647
32300
13592
66871
2510
105001
29292
32232
26706
21905
48970
7251
5753
103390
1020
1674
46204
140614
134253
55423
67148
19182
2000
10980
7504
10430
12785
1582
41283
8705
29626
12741
45000
4500
1850
12642
77053
35499
96438
1160
26288
9000
29082
66040
23102
2000
24150
52545
114506
73110
20000
58416
2201
20431
25035
57305
35940
10491
16650
145404
2353
16027
3250
4214
20000
11600
5353
3224
1002
13357
15041
3324
9421
9394
9566
4423
41500
139918
61996
6340
24200
17000
106317
1795
93805
11575
2400
26284
15123
113564
2578
97262
17226
36024
43783
22589
142310
180783
67503
7260
119213
131003
50361
5001
2960
28388
122451
47439
92105
450477
70490
25077
4112
35785
42528
1401
185083
48709
27278
17345
104835
88613
79672
46622
169814
41055
138810
29772
11102
3200
15092
82055
18731
54068
34540
25005
2270
1010
5374
3860
43122
21924
8772
113677
31801
25189
12033
79274
43437
46835
3202
16804
45037
18474
10446
48222
56359
2843
5202
78832
165262
228826
48530
150499
18010
16156
57097
7950
17082
13554
14400
27437
62319
58868
17234
30071
104289
40009
101795
10012
13601
16361
125522
8040
14039
106600
27001
65420
15045
12780
42711
9192
6960
160553
3052
57980
72825
16205
93353
26626
15032
19627
36920
17226
11267
43372
23986
8889
16671
3652
139671
18412
4614
63540
30956
6307
77926
27193
25951
28801
16600
5400
11761
46921
10807
39901
55394
8640
10612
1248
52000
11210
26053
43683
35772
89740
89808
34846
154598
26500
1037
12720
14400
5014
65431
8026
28006
14972
66893
19506
80147
10962
50813
29563
135112
11421
69268
13626
1101