1002
1002
1003
1004
1006
1010
1011
1017
1020
1021
1021
1027
1034
1037
1045
1052
1101
1160
1220
1241
1248
1305
1351
1395
1401
1500
1501
1505
1516
1525
1536
1560
1574
1574
1582
1601
1620
1655
1674
1795
1828
1850
1850
1880
1889
1896
1938
1951
2000
2000
2000
2000
2000
2008
2038
2055
2083
2100
2100
2170
2201
2203
2212
2235
2242
2270
2300
2337
2353
2400
2400
2496
2502
2510
2520
2520
2520
2535
2540
2560
2571
2578
2580
2600
2600
2650
2662
2741
2790
2803
2826
2838
2843
2866
2883
2930
2934
2960
3000
3000
3001
3001
3010
3052
3076
3191
3200
3202
3214
3224
3250
3250
3281
3300
3313
3324
3324
3340
3503
3541
3550
3652
3705
3736
3776
3860
3880
4000
4000
4001
4002
4012
4037
4091
4091
4100
4112
4187
4200
4214
4300
4400
4423
4499
4500
4500
4563
4614
4800
4800
4800
5001
5001
5002
5005
5014
5024
5035
5066
5130
5200
5202
5353
5374
5400
5410
5500
5617
5687
5708
5710
5753
5832
5902
5943
5968
5979
5999
6000
6000
6010
6025
6070
6203
6235
6270
6307
6340
6589
6651
6879
6960
6980
7001
7010
7011
7037
7075
7134
7202
7203
7211
7215
7251
7254
7260
7301
7504
7559
7600
7626
7626
7628
7706
7950
8000
8006
8026
8040
8127
8201
8276
8280
8308
8400
8400
8460
8600
8640
8705
8772
8807
8826
8826
8885
8889
8965
9000
9000
9093
9192
9300
9361
9372
9384
9394
9420
9421
9492
9492
9566
9643
9650
9678
9930
9960
10001
10010
10012
10013
10023
10041
10089
10172
10200
10201
10405
10430
10440
10446
10452
10491
10517
10612
10620
10636
10663
10800
10807
10961
10962
10980
11000
11002
11102
11142
11160
11210
11216
11226
11267
11293
11412
11421
11544
11570
11572
11575
11600
11622
11671
11708
11761
11804
11820
12000
12000
12033
12069
12112
12150
12156
12214
12324
12350
12391
12426
12430
12620
12642
12642
12658
12670
12702
12720
12741
12780
12785
12786
12852
12882
13016
13084
13200
13258
13270
13300
13334
13357
13396
13410
13500
13554
13592
13601
13626
13701
13746
14039
14050
14400
14400
14400
14405
14710
14801
14804
14931
14972
14984
15000
15032
15032
15032
15041
15045
15061
15080
15092
15123
15126
15216
15526
15551
15556
15564
15632
15678
15737
15745
15857
15882
15910
16024
16027
16099
16151
16156
16157
16205
16330
16336
16361
16428
16450
16480
16569
16577
16600
16625
16650
16671
16750
16786
16804
17000
17003
17082
17151
17226
17226
17233
17234
17236
17240
17345
17526
17538
17580
17716
17728
17751
17964
18000
18007
18010
18108
18111
18399
18412
18474
18662
18697
18711
18731
18792
18806
18851
18912
19005
19080
19182
19285
19506
19626
19627
19631
19640
19681
19689
19853
19894
20000
20000
20000
20000
20000
20005
20009
20010
20042
20105
20167
20400
20427
20431
20533
20586
20593
20620
20700
20731
20800
20814
21000
21010
21110
21229
21231
21408
21421
21479
21480
21509
21600
21602
21731
21871
21905
21924
21944
22078
22217
22356
22589
22625
22700
22704
22751
22821
22857
22926
22966
23102
23220
23220
23232
23402
23446
23509
23608
23700
23970
23986
24034
24150
24153
24200
24274
24615
24631
24710
24800
24840
25005
25027
25035
25077
25080
25158
25189
25321
25368
25454
25698
25750
25780
25951
26053
26063
26070
26284
26288
26380
26461
26491
26500
26542
26580
26622
26626
26706
26748
26902
27000
27000
27001
27030
27193
27268
27278
27367
27401
27426
27437
27546
27591
27651
27654
27704
27750
27758
27846
27925
28000
28004
28006
28026
28026
28168
28227
28234
28388
28800
28801
28859
29019
29082
29138
29292
29563
29626
29745
29772
30071
30108
30175
30360
30426
30550
30718
30906
30947
30956
31000
31179
31239
31420
31607
31637
31657
31691
31740
31801
31946
32017
32063
32162
32232
32300
32423
32510
32701
32850
32880
33000
33048
34150
34180
34248
34300
34540
34547
34568
34585
34735
34846
34874
34966
35052
35406
35499
35772
35785
35940
36001
36001
36024
36205
36590
36641
36709
36885
36920
37222
37320
37787
38034
38255
38400
38703
38826
38831
38888
38990
39120
39331
39426
39455
39540
39898
39901
39952
40000
40009
40010
40120
40147
40282
40332
40333
40385
40392
40412
40420
40511
40592
40750
40785
40872
41055
41185
41185
41283
41421
41500
41546
41610
41760
42000
42023
42285
42507
42528
42711
43122
43200
43246
43324
43372
43437
43683
43701
43731
43746
43783
44001
44303
44308
44920
45000
45006
45012
45037
45713
45982
46204
46444
46622
46835
46921
47259
47314
47347
47391
47439
47513
47513
47706
48000
48222
48327
48416
48432
48530
48602
48709
48827
48970
49378
49431
49890
50001
50022
50361
50813
50926
50984
51002
51388
51624
51624
51673
52000
52175
52214
52409
52503
52545
53202
53208
53232
53525
53856
53915
54068
54162
54357
55001
55246
55394
55423
55852
56000
56042
56272
56359
56400
56881
57097
57305
57500
57980
58374
58416
58868
60000
60028
60664
60850
61086
61488
61748
61758
61996
62319
62965
63540
64031
64300
64403
64404
65005
65030
65313
65420
65431
65627
65653
65716
66026
66040
66112
66294
66497
66610
66670
66713
66871
66893
67089
67148
67503
68052
68108
68490
69268
69800
70490
70638
71501
72519
72799
72825
73110
73402
73618
73626
73740
74420
74786
75185
75275
76273
76549
76604
76959
76961
77053
77627
77926
78563
78725
78744
78832
79109
79274
79322
79672
79691
80147
81272
81714
81826
82017
82055
82312
82601
84172
86787
87064
87503
87542
88613
89251
89652
89740
89808
90360
92105
92831
93353
93427
93805
94654
94808
95026
95613
95913
96044
96438
96986
97262
98363
99611
100004
100008
100120
100165
100228
100406
100635
101030
101795
101856
103390
103893
103938
104081
104289
104835
105001
105809
106317
106600
107183
109722
111090
113469
113564
113677
114506
115580
115598
115800
116232
117888
118213
119213
119343
120400
122451
123116
123899
124040
125522
125602
128314
131003
132057
132405
134253
135112
135457
136279
136281
138810
139671
139918
140093
140614
141516
142310
144647
145389
145404
149604
150020
150499
150903
154598
160553
161088
165262
169814
170100
170716
171756
174650
180783
185083
185116
185795
187227
195545
197700
212899
224900
228826
239382
248829
264837
292488
329232
417000
450477