901
79
490
494
742
496
94
25
837
92
851
405
173
415
146
339
870
193
884
654
59
954
838
51
90
547
42
90
478
225
787
874
434
421
99
722
161
116
111
296
650
437
956
134
830
190
353
130
578
606
985
939
790
294
346
395
838
511
922
401
847
127
59
371
961
286
849
361
371
848
575
689
522
972
423
246
735
768
242
34
423
744
221
259
566
231
12
398
374
376
763
43
350
377
965
797
415
841
734
519
187
767
739
941
757
576
91
26
258
505
689
190
181
936
940
570
604
176
869
582
442
636
610
278
681
175
735
446
660
214
613
588
905
88
555
939
494
87
309
70
367
310
912
992
276
168
357
580
888
580
215
141
3
569
833
923
542
774
656
966
154
875
677
193
239
172
583
133
164
758
816
489
129
94
310
752
563
380
369
702
388
415
531
752
323
952
654
763
827
482
774
770
773
723
733
485
289
888
615
261
344
604
535
684
817
601
878
220
227
88
64
427
699
864
929
192
834
995
356
373
339
833
527
354
435
966
641
81
630
716
587
633
81
952
230
954
948
848
362
928
58
198
717
159
99
15
893
721
517
945
823
561
423
393
162
282
654
859
790
390
2
4
205
387
739
857
507
212
393
432
38
251
253
159
863
304
385
686
212
146
912
785
947
39
294
695
521
296
274
837
588
102
277
340
888
127
636
209
266
610
687
669
173
791
657
65
464
372
645
903
207
983
135
447
321
499
915
927
720
821
365
999
547
208
666
590
238
818
117
386
292
208
232
722
498
849
16
990
712
577
682
652
975
719
172
624
169
970
603
15
91
287
568
104
833
615
736
323
313
919
453
339
582
12
968
707
663
194
790
32
239
630
555
534
987
770
629
110
579
924
968
682
835
158
628
641
876
261
777
127
210
701
419
985
866
268
512
247
93
444
298
878
437
477
807
916
604
356
704
827
282
932
584
588
665
770
714
31
703
194
441
729
494
718
28
324
80
983
803
947
725
374
84
682
431
666
557
251
719
936
454
532
698
508
249
535
160
452
257
606
884
74
519
329
344
938
31
906
929
833
951
431
806
738
213
952
539
518
752
880
401
275
431
783
850
789
296
862
325
829
86
125
133
678
124
404
991
181
70
246
499
536
418
695
632
610
123
705
643
404
644
970
182
570
624
4
601
5
376
315
46
392
415
884
460
514
411
622
928
292
392
889
543
410
87
972
625
661
250
439
747
978
422
454
164
229
340
781
234
697
801
511
735
775
259
22
602
223
371
325
351
793
973
950
785
721
309
92
724
126
953
430
347
581
27
258
295
862
4
776
630
813
687
16
136
504
395
305
928
187
46
665
812
338
843
529
435
312
269
963
61
241
390
394
384
73
744
646
123
187
461
750
399
301
343
924
221
648
311
778
649
518
386
281
681
275
954
952
383
537
854
288
97
237
197
369
272
607
575
20
71
230
229
634
451
396
395
344
533
838
105
564
777
964
470
579
50
269
760
257
243
396
105
896
738
927
626
318
318
881
371
657
973
826
654
693
62
379
145
444
927
832
576
698
540
402
471
187
210
594
19
449
369
794
524
93
150
690
509
665
675
213
377
713
977
146
675
38
151
742
476
43
190
658
403
899
881
861
296
678
642
878
510
250
16
49
161
909
343
644
734
928
979
741
466
758
391
272
180
155
795
931
323
932
155
350
139
386
966
168
907
363
807
510
952
494
755
823
830
222
508
674
577
993
855
442
821
414
295
167
484
327
955
18
700
751
514
674
484
206
903
985
710
338
17
744
21
196
899
252
585
315
804
131
633
701
224
551
751
140
829
862
767
309
3
635
995
80
217
37
350
846
664
996
459
414
104
283
325
110
715
914
53
374
775
293
152
304
542
299
85
502
668
495
85
964
604
290
507
88
467
591
929
705
137
374
323
522
365
757
766
249
671
157
636
265
427
715
489
845
666
124
574
465
155
995
364
334
906
135
451
336
423
589
716
907
365
933
494
608
421
113
360
698
32
887
13
950
900
39
406
640
712
293
337
905
620
563
222
143
350
553
863
469
169
956
421
831
480
517
55
498
6
363
636
593
194
996
784
847
918
509
767
378
540
553
63
283
24
314
880
289
482
550
598
83
265
190
973
399
117
863
424
972
320
233
935
276
748
618
128
714
36
783
542
63
732
260
875
834
15
879
871
354
357
848
463
255
411
224
98
464
467
692
599
973
406
16
115
284
741
32
459
722
716
600
728
236
308
146
797
406
136
494
814
343
966
460
657
140
560
349
732
156
981
565
278
414
964
618
124
854
69
478
505
689
697
682
926
625
31
150
242
143
925
553
997
77
20
911
621
638
806
250
457
204
380
489
964
291
954
516
819
300
473
508
493
654
728
806
799
304
878
782
609
108
50
471
205
750
245
301
242
234
629
217
49
71
810
761
632
577
816
94
858
611
140
637
463
579
887
804
462
171
187
560
596
464
684
331
12
875
307
658
242
804
417
603
654
167
411
721
4
609
691
569
280
824
816
449
38
579
728
778
933
681
3
33
91
333
333
113
43
300
31
225
461
392
941
873
411
38
303
616
519
274
81
997
887
241
43
361
37
653
514
946
752
965
626
761
209
238
589
906
945
730
876
55
459
863
34
520
261
991
599
996
745
200
332
2
864
285
339
461
686
937
431
28
233
952
92
378
871
643
702
949
715
447
881
401
516
704
623
819
664
229
75
597
176
375
570
581
267
207
752
531
56
491
360
233
191
114
908
866
982
282
948
427
143
873
512
325
487
693
133
471
66
858
156
111
57
513
378
606
73
67
137
169
579
20
175
11
397
249
574
443
581
407
179
206
623
214
453
413
246
299
114
843
721
765
999
892
992
717
972
761
600
426
110
829
347
298
947
624
83
958
648
933
939
699
789
4
93
284
981
684
838
335
690
466
24
611
473
132
990
654
373
556
992
323
548
633
43
270
278
39
302
588
809
111
122
803
672
878
224
836
990
439
278
671
921
230
402
828
912
285
436
886
409
516
159
337
387
1000
391
252
16
85
749
342
76
75
141
454
924
185
941
603
223
274
40
550
146
312
920
486
298
79
514
305
644
732
554
842
437
246
862
964
72
534
481
458
667
359
501
978
669
702
328
434
372
800
918
706
820
105
418
722
127
216
129
787
998
456
659
833
293
299
83
150
533
139
44
312
404
484
605
371
73
577
25
910
165
563
70
841
721
223
393
129
241
497
423
229
23
958
545
751
298
36
344
819
435
262
7
187
688
615
780
774
140
180
675
642
712
226
599
493
591
78
282
377
657
303
205
659
275
60
734
470
795
149
171
551
147
247
823
977
936
645
113
789
946
623
437
479
324
237
150
29
567
459
406
547
145
827
102
262
175
134
555
700
691
871
485
37
715
515
559
120
974
556
450
935
377
289
74
555
854
993
794
231
284
336
166
695
826
986
548
595
351
115
331
906
749
655
878
975
259
281
580
307
935
489
975
357
133
535
624
94
549
678
770
717
766
16
872
441
593
342
568
349
667
652
509
453
569
872
751
849
992
452
372
332
741
145
162
864
213
698
130
871
332
976
929
179
122
194
230
262
852
734
193
574
315
393
359
191
729
735
160
556
459
893
897
89
451
462
966
776
894
390
702
687
900
469
9
796
445
860
551
59
833
595
110
798
298
479
821
729
316
520
277
598
460
653
339
752
289
437
657
539
181
369
251
395
814
787
842
965
583
249
331
424
998
863
346
859
776
291
506
250
280
82
470
380
16
365
711
73
568
649
366
572
153
893
422
423
963
128
434
159
871
292
88
165
436
955
778
458
284
194
256
19
884
617
147
416
766
345
286
399
79
414
501
826
944
60
45
394
460
934
385
7
52
798
485
111
314
19
599
94
339
534
555
659
331
1
189
78
565
573
790
700
422
315
47
141
857
272
367
140
736
536
801
535
37
438
791
890
601
853
223
486
318
860
273
413
238
853
389
221
900
24
948
991
35
613
678
695
543
895
387
574
179
434
10
547
559
563
498
699
776
649
256
681
171
383
237
506
337
109
783
831
917
461
719
539
85
611
316
55
198
156
709
114
421
102
453
607
538
519
326
964
893
936
81
614
626
285
730
309
547
929
460
416
494
968
415
551
493
329
896
659
573
769
351
341
547
26
296
402
632
180
427
709
335
641
927
150
835
789
941
455
803
966
219
769
246
703
252
105
867
904
392
347
725
36
816
256
883
640
346
525
129
485
957
103
678
365
113
707
598
347
226
228
410
170
119
406
224
909
830
579
961
274
327
262
622
277
626
632
685
116
358
610
265
728
548
377
40
659
892
765
748
879
680
7
762
811
646
825
472
508
452
282
711
657
206
279
489
994
226
882
681
314
337
875
5
163
937
432
218
695
381
171
681
39
969
802
941
293
939
32
500
416
2
765
734
199
604
903
585
685
598
181
708
462
925
746
391
883
981
972
338
423
205
269
188
372
890
527
457
803
726
994
353
397
33
249
565
30
942
415
480
51
44
410
834
688
757
524
963
356
721
688
424
888
505
459
310
39
484
254
481
729
423
972
796
270
923
674
928
100
534
436
356
795
22
988
959
825
13
708
28
486
888
547
232
965
468
801
849
562
378
307
83
213
169
37
366
708
148
993
874
497
438
763
583
454
176
357
324
539
644
331
268
722
829
908
637
978
210
307
613
250
262
380
474
540
156
436
599
157
694
338
606
443
160
264
632
332
993
286
379
378
198
786
972
142
449
283
115
835
960
757
784
534
933
203
293
457
767
413
136
477
801
913
528
337
545
684
954
281
9
307
394
3
824
389
831
285
666
146
313
506
804
819
866
830
145
747
802
254
286
495
845
904
84
944
13
879
474
376
773
765
151
47
684
335
494
335
45
237
986
370
969
484
573
404
520
560
340
556
703
539
493
329
298
535
79
72
295
251
595
934
929
34
486
389
588
364
568
476
259
210
88
414
850
111
760
776
376
991
727
145
617
791
859
620
485
155
642
472
714
807
401
946
615
159
175
650
19
560
792
240
748
565
879
943
969
939
492
505
327
354
827
629
81
220
669
218
967
909
124
671
567
602
690
658
276
575
728
306
753
904
19
604
979
644
83
908
682
956
426
538
395
529
843
646
416
859
629
464
395
740
943
63
117
555
507
148
17
257
421
146
159
942
867
681
486
951
836
530
435
599
777
312
883
353
487
126
31
651
117
835
139
794
846
54
145
825
507
117
897
829
567
373
762
965
213
791
545
997
867
574
207
698
408
993
186
574
261
757
244
195
221
968
192
503
98
271
939
698
501
179
219
667
411
39
916
628
670
476
953
69
390
711
837
292
360
669
623
260
234
673
668
114
835
71
737
286
709
378
997
969
8
438
210
411
489
645
745
538
780
236
27
705
652
576
938
425
949
406
20
714
238
773
699
411
928
481
342
305
654
298
207
880
506
929
448
380
192
217
718
376
385
283
708
238
814
385
394
240
219
23
930
478
628
549
782
189
338
46
590
365
369
868
74
923
51
465
18
143
804
44
733
133
111
993
343
835
406
599
950
980
671
659
646
404
344
238
780
238
803
780
261
194
260
8
187
55
576
105
661
411
810
239
188
288
421
762
824
180
503
949
504
982
407
555
893
902
917
714
497
140
666
666
647
337
581
899
131
359
987
14
786
306
119
318
117
907
114
512
802
169
862
152
212
931
950
740
244
204
24
835
965
495
165
819
236
744
241
960
637
75
43
425
704
291
951
324
842
134
350
989
42
426
975
696
241
616
234
621
292
286
236
897
398
465
763
184
499
12
167
626
647
550
771
483
366
987
307
490
974
274
340
84
511
723
694
934
559
665
102
579
674
466
688
282
672
731
637
337
958
277
288
115
397
641
464
189
337
372
496
980
750
571
628
432
975
150
387
105
882
531
844
587
648
661